C Project PS141 Basic Data Science
30 September 2024

County      Population   Cases   % Cases   # of Deaths   % Deaths   Tests     Avg Tests   # Positives   % Positives
------      ----------   -----   -------   -----------   --------   -----     ---------   -----------   -----------
Alameda      1685886      389331    23.09 2172              0.56 8332435        4.94 472502             5.67
Alpine       1117         139       12.44 0                 0.00 3162           2.83 92                 2.91
Amador       38531        10716     27.81 100               0.93 261406         6.78 12468              4.77
Butte        217769       42213     19.38 503               1.19 559790         2.57 47637              8.51
Calaveras    44289        9142      20.64 144               1.58 125640         2.84 10937              8.71
Colusa       22593        4043      17.89 24                0.59 47292          2.09 3982               8.42
Contra Costa 1160099      279336    24.08 1604              0.57 4628428        3.99 323455             6.99
Del Norte    27558        8005      29.05 62                0.77 228092         8.28 9301               4.08
El Dorado    193098       35164     18.21 248               0.71 499993         2.59 38627              7.73
Fresno       1032227      299234    28.99 3031              1.01 3343230        3.24 360443            10.78
Glenn        29348        5877      20.03 56                0.95 60269          2.05 6319              10.48
Humboldt     134098       23775     17.73 172               0.72 403632         3.01 28708              7.11
Imperial     191649       72119     37.63 987               1.37 732443         3.82 95081             12.98
Inyo         18453        4837      26.21 63                1.30 50859          2.76 4577               9.00
Kern         927251       232982    25.13 2502              1.07 3037668        3.28 270177             8.89
Kings        156444       63548     40.62 487               0.77 887646         5.67 76061              8.57
Lake         64871        13861     21.37 165               1.19 195009         3.01 16787              8.61
Lassen       30065        10315     34.31 65                0.63 305381        10.16 12540              4.11
Los Angeles  10257557     3534088   34.45 36317             1.03 79089237       7.71 4456488            5.63
Madera       160089       47006     29.36 377               0.80 659796         4.12 54630              8.28
Marin        260800       42037     16.12 260               0.62 1190181        4.56 59615              5.01
Mariposa     17795        3403      19.12 32                0.94 57191          3.21 4000               6.99
Mendocino    88439        17092     19.33 146               0.85 265598         3.00 19781              7.45
Merced       287420       78697     27.38 904               1.15 883056         3.07 91712             10.39
Modoc        9475         987       10.42 11                1.11 10188          1.08 620                6.09
Mono         13961        3355      24.03 8                 0.24 41379          2.96 3985               9.63
Monterey     448732       99107     22.09 817               0.82 1477083        3.29 114909             7.78
Napa         139652       35205     25.21 182               0.52 643444         4.61 40911              6.36
Nevada       98710        20521     20.79 139               0.68 292095         2.96 22912              7.84
Orange       3228519      726307    22.50 8235              1.13 10759565       3.33 899845             8.36
Placer       400434       82823     20.68 687               0.83 1148306        2.87 90780              7.91
Plumas       18997        3872      20.38 15                0.39 55143          2.90 3650               6.62
Riverside    2468145      742131    30.07 6863              0.92 7900898        3.20 923296            11.69
Sacramento   1567975      379292    24.19 3627              0.96 5619234        3.58 434389             7.73
San Benito   64022        17905     27.97 117               0.65 236406         3.69 21719              9.19
San Bernardino 2217398      717634    32.36 8144              1.13 8126507        3.66 867413            10.67
San Diego    3370418      991624    29.42 5900              0.59 13931862       4.13 1146646            8.23
San Francisco 892280       201828    22.62 1235              0.61 5266096        5.90 259685             4.93
San Joaquin  782545       213760    27.32 2463              1.15 3006359        3.84 262190             8.72
San Luis Obispo 278862       67347     24.15 586               0.87 1140817        4.09 76596              6.71
San Mateo    778001       187553    24.11 747               0.40 4730800        6.08 236075             4.99
Santa Barbara 456373       113829    24.94 777               0.68 1830037        4.01 140200             7.66
Santa Clara  1967585      488335    24.82 2844              0.58 11962858       6.08 597027             4.99
Santa Cruz   273999       69856     25.49 277               0.40 1789690        6.53 88359              4.94
Shasta       177925       36824     20.70 612               1.66 574763         3.23 36837              6.41
Sierra       3115         312       10.02 5                 1.60 5850           1.88 334                5.71
Siskiyou     43956        5558      12.64 97                1.75 74414          1.69 6219               8.36
Solano       444255       116145    26.14 476               0.41 1841946        4.15 131449             7.14
Sonoma       496668       116047    23.37 578               0.50 1982385        3.99 133874             6.75
Stanislaus   562303       147374    26.21 1869              1.27 1709432        3.04 175239            10.25
Sutter       105747       26094     24.68 242               0.93 284746         2.69 30494             10.71
Tehama       65885        14606     22.17 241               1.65 155119         2.35 15396              9.93
Trinity      13354        1489      11.15 25                1.68 17838          1.34 1738               9.74
Tulare       484423       129885    26.81 1603              1.23 1506711        3.11 146920             9.75
Tuolumne     52351        17064     32.60 212               1.24 247962         4.74 19764              7.97
Ventura      852747       223443    26.20 1708              0.76 3629450        4.26 280759             7.74
Yolo         223612       50820     22.73 459               0.90 1863757        8.33 57878              3.11
Yuba         79290        20329     25.64 134               0.66 215072         2.71 23772             11.05

Total        40129160     11296221   28.15 102356            0.91 199925646       4.98 13767800           6.89
